year,team,conference,division,total.games,total.wins,total.losses,total.ties,conferenceGames.games,conferenceGames.wins,conferenceGames.losses,conferenceGames.ties,homeGames.games,homeGames.wins,homeGames.losses,homeGames.ties,awayGames.games,awayGames.wins,awayGames.losses,awayGames.ties
1974,Air Force,FBS Independents,,11,2,9,0,6,2,4,0,6,2,4,0,5,0,5,0
1974,Alabama,SEC,,12,11,1,0,6,6,0,0,7,7,0,0,4,4,0,0
1974,Appalachian State,Southern,,11,6,5,0,4,3,1,0,4,2,2,0,7,4,3,0
1974,Arizona,Western Athletic,,11,9,2,0,7,6,1,0,6,5,1,0,5,4,1,0
1974,Arizona State,Western Athletic,,12,7,5,0,7,4,3,0,7,5,2,0,5,2,3,0
1974,Arkansas,Southwest,,11,6,5,0,7,3,4,0,6,4,2,0,5,2,3,0
1974,Arkansas State,FBS Independents,,10,7,3,0,4,3,1,0,5,3,2,0,5,4,1,0
1974,Army,FBS Independents,,11,3,8,0,6,2,4,0,6,3,3,0,5,0,5,0
1974,Auburn,SEC,,12,10,2,0,6,4,2,0,7,7,0,0,4,2,2,0
1974,Baylor,Southwest,,12,8,4,0,7,6,1,0,5,4,1,0,6,4,2,0
1974,Boston College,FBS Independents,,11,8,3,0,8,6,2,0,6,5,1,0,5,3,2,0
1974,Bowling Green,Mid-American,,11,7,4,0,5,2,3,0,6,5,1,0,5,2,3,0
1974,Brown,Ivy,,9,5,4,0,7,4,3,0,5,3,2,0,4,2,2,0
1974,BYU,Western Athletic,,12,8,4,0,7,7,0,0,6,5,1,0,5,3,2,0
1974,California,Pac-8,,11,8,3,0,7,5,2,0,7,5,2,0,4,3,1,0
1974,Chattanooga,FBS Independents,,11,4,7,0,3,0,3,0,6,3,3,0,5,1,4,0
1974,Cincinnati,FBS Independents,,11,7,4,0,4,2,2,0,6,5,1,0,5,2,3,0
1974,Clemson,ACC,,11,7,4,0,6,4,2,0,6,6,0,0,5,1,4,0
1974,Colgate,FBS Independents,,10,4,6,0,2,1,1,0,3,2,1,0,7,2,5,0
1974,Colorado,Big 8,,11,5,6,0,7,3,4,0,5,3,2,0,6,2,4,0
1974,Colorado State,Western Athletic,,11,4,7,0,6,2,4,0,4,3,1,0,7,1,6,0
1974,Columbia,Ivy,,9,1,8,0,7,0,7,0,5,1,4,0,4,0,4,0
1974,Cornell,Ivy,,9,3,6,0,7,1,6,0,4,2,2,0,5,1,4,0
1974,Dartmouth,Ivy,,9,3,6,0,7,3,4,0,4,1,3,0,5,2,3,0
1974,Dayton,FBS Independents,,11,3,8,0,2,1,1,0,4,1,3,0,7,2,5,0
1974,Drake,Missouri Valley,,11,3,8,0,6,2,4,0,4,1,3,0,7,2,5,0
1974,Duke,ACC,,11,6,5,0,6,2,4,0,5,5,0,0,6,1,5,0
1974,East Carolina,Southern,,11,7,4,0,6,3,3,0,5,4,1,0,6,3,3,0
1974,Florida,SEC,,12,8,4,0,6,3,3,0,7,7,0,0,4,1,3,0
1974,Florida State,FBS Independents,,11,1,10,0,5,1,4,0,6,0,6,0,5,1,4,0
1974,Fresno State,PCAA,,12,5,7,0,4,1,3,0,7,3,4,0,5,2,3,0
1974,Furman,Southern,,11,5,6,0,6,2,4,0,6,4,2,0,5,1,4,0
1974,Georgia,SEC,,12,6,6,0,6,4,2,0,7,5,2,0,4,1,3,0
1974,Georgia Tech,FBS Independents,,11,6,5,0,5,3,2,0,7,5,2,0,4,1,3,0
1974,Harvard,Ivy,,9,7,2,0,7,6,1,0,6,4,2,0,3,3,0,0
1974,Hawai'i,FBS Independents,,11,6,5,0,1,1,0,0,9,5,4,0,2,1,1,0
1974,Holy Cross,FBS Independents,,11,6,5,0,5,1,4,0,5,5,0,0,6,1,5,0
1974,Houston,FBS Independents,,12,8,4,0,7,6,1,0,4,3,1,0,7,5,2,0
1974,Idaho,FBS Independents,,11,2,9,0,4,0,4,0,3,1,2,0,8,1,7,0
1974,Illinois,Big Ten,,11,6,5,0,8,4,4,0,5,3,2,0,6,3,3,0
1974,Indiana,Big Ten,,11,1,10,0,8,1,7,0,6,1,5,0,5,0,5,0
1974,Iowa,Big Ten,,11,3,8,0,8,2,6,0,6,3,3,0,5,0,5,0
1974,Iowa State,Big 8,,11,4,7,0,7,2,5,0,5,3,2,0,6,1,5,0
1974,Kansas,Big 8,,11,4,7,0,7,1,6,0,5,2,3,0,6,2,4,0
1974,Kansas State,Big 8,,11,4,7,0,7,1,6,0,7,4,3,0,4,0,4,0
1974,Kent State,Mid-American,,11,7,4,0,5,2,3,0,5,3,2,0,6,4,2,0
1974,Kentucky,SEC,,11,6,5,0,6,3,3,0,6,4,2,0,5,2,3,0
1974,Lamar,FBS Independents,,10,8,2,0,4,4,0,0,5,4,1,0,5,4,1,0
1974,Long Beach State,PCAA,,11,6,5,0,4,1,3,0,5,4,1,0,6,2,4,0
1974,Louisiana,FBS Independents,,11,2,9,0,7,1,6,0,6,0,6,0,5,2,3,0
1974,Louisville,Missouri Valley,,11,4,7,0,5,3,2,0,6,2,4,0,5,2,3,0
1974,LSU,SEC,,11,6,5,0,6,2,4,0,7,6,1,0,4,0,4,0
1974,Marshall,FBS Independents,,11,1,10,0,3,0,3,0,5,1,4,0,6,0,6,0
1974,Maryland,ACC,,12,8,4,0,6,6,0,0,7,6,1,0,4,2,2,0
1974,Memphis,FBS Independents,,11,7,4,0,4,2,2,0,6,4,2,0,5,3,2,0
1974,Miami,FBS Independents,,11,6,5,0,7,5,2,0,6,3,3,0,5,3,2,0
1974,Miami (OH),Mid-American,,11,11,0,0,5,5,0,0,5,5,0,0,5,5,0,0
1974,Michigan,Big Ten,,11,10,1,0,8,7,1,0,6,6,0,0,5,4,1,0
1974,Michigan State,Big Ten,,11,8,3,0,8,7,1,0,7,6,1,0,4,2,2,0
1974,Minnesota,Big Ten,,11,4,7,0,8,2,6,0,6,3,3,0,5,1,4,0
1974,Mississippi State,SEC,,12,9,3,0,6,3,3,0,7,6,1,0,4,2,2,0
1974,Missouri,Big 8,,11,7,4,0,7,5,2,0,5,5,0,0,6,2,4,0
1974,Navy,FBS Independents,,11,4,7,0,8,2,6,0,5,3,2,0,6,1,5,0
1974,NC State,ACC,,12,10,2,0,6,4,2,0,5,5,0,0,6,4,2,0
1974,Nebraska,Big 8,,12,9,3,0,7,5,2,0,7,5,2,0,4,3,1,0
1974,New Mexico,Western Athletic,,11,4,7,0,7,3,4,0,5,2,3,0,6,2,4,0
1974,New Mexico State,Missouri Valley,,11,5,6,0,5,2,3,0,5,3,2,0,6,2,4,0
1974,North Carolina,ACC,,12,7,5,0,6,4,2,0,6,6,0,0,5,1,4,0
1974,Northern Illinois,FBS Independents,,11,4,7,0,3,3,0,0,5,2,3,0,6,2,4,0
1974,North Texas,Missouri Valley,,11,4,7,0,6,3,3,0,8,4,4,0,3,0,3,0
1974,Northwestern,Big Ten,,11,3,8,0,8,2,6,0,6,2,4,0,5,1,4,0
1974,Notre Dame,FBS Independents,,12,10,2,0,6,6,0,0,7,6,1,0,4,3,1,0
1974,Ohio,Mid-American,,11,6,5,0,5,3,2,0,5,3,2,0,6,3,3,0
1974,Ohio State,Big Ten,,12,10,2,0,8,7,1,0,6,6,0,0,5,4,1,0
1974,Oklahoma,Big 8,,11,11,0,0,7,7,0,0,7,7,0,0,4,4,0,0
1974,Oklahoma State,Big 8,,12,7,5,0,7,4,3,0,5,4,1,0,6,2,4,0
1974,Ole Miss,SEC,,11,3,8,0,6,0,6,0,4,2,2,0,7,1,6,0
1974,Oregon,Pac-8,,11,2,9,0,7,0,7,0,4,1,3,0,7,1,6,0
1974,Oregon State,Pac-8,,11,3,8,0,7,3,4,0,4,2,2,0,7,1,6,0
1974,Pacific,PCAA,,11,6,5,0,4,2,2,0,5,4,1,0,6,2,4,0
1974,Penn State,FBS Independents,,12,10,2,0,5,4,1,0,6,5,1,0,5,4,1,0
1974,Pennsylvania,Ivy,,9,7,2,0,7,5,2,0,6,5,1,0,3,2,1,0
1974,Pittsburgh,FBS Independents,,11,7,4,0,9,7,2,0,5,3,2,0,6,4,2,0
1974,Princeton,Ivy,,9,4,5,0,7,3,4,0,4,3,1,0,5,1,4,0
1974,Purdue,Big Ten,,11,4,7,0,8,3,5,0,5,2,3,0,6,2,4,0
1974,Rice,Southwest,,11,2,9,0,7,2,5,0,5,2,3,0,6,0,6,0
1974,Richmond,Southern,,10,5,5,0,6,3,3,0,6,3,3,0,4,2,2,0
1974,Rutgers,FBS Independents,,11,8,3,0,3,2,1,0,6,5,1,0,5,3,2,0
1974,San Diego State,PCAA,,11,8,3,0,4,4,0,0,6,6,0,0,5,2,3,0
1974,San José State,PCAA,,12,9,3,0,4,2,2,0,4,4,0,0,8,5,3,0
1974,SMU,Southwest,,11,7,4,0,7,4,3,0,8,6,2,0,3,1,2,0
1974,South Carolina,FBS Independents,,11,4,7,0,3,0,3,0,6,3,3,0,5,1,4,0
1974,Southern Illinois,FBS Independents,,11,2,9,0,4,1,3,0,4,1,3,0,7,1,6,0
1974,Southern Mississippi,FBS Independents,,11,6,5,0,6,5,1,0,3,2,1,0,8,4,4,0
1974,Stanford,Pac-8,,11,6,5,0,7,6,1,0,6,3,3,0,5,3,2,0
1974,Syracuse,FBS Independents,,11,2,9,0,6,1,5,0,6,2,4,0,5,0,5,0
1974,Tampa,FBS Independents,,11,6,5,0,5,3,2,0,7,3,4,0,4,3,1,0
1974,TCU,Southwest,,11,1,10,0,7,0,7,0,5,1,4,0,6,0,6,0
1974,Temple,FBS Independents,,10,8,2,0,8,6,2,0,7,7,0,0,3,1,2,0
1974,Tennessee,SEC,,12,8,4,0,6,3,3,0,8,7,1,0,3,0,3,0
1974,Texas,Southwest,,12,8,4,0,7,5,2,0,5,5,0,0,6,3,3,0
1974,Texas A&M,Southwest,,11,8,3,0,7,5,2,0,5,5,0,0,6,3,3,0
1974,Texas-Arlington,FBS Independents,,11,1,10,0,4,1,3,0,5,1,4,0,6,0,6,0
1974,Texas Tech,Southwest,,12,7,5,0,7,3,4,0,7,6,1,0,4,1,3,0
1974,The Citadel,Southern,,11,4,7,0,6,2,4,0,5,3,2,0,6,1,5,0
1974,Toledo,Mid-American,,11,6,5,0,5,3,2,0,6,3,3,0,5,3,2,0
1974,Tulane,FBS Independents,,11,5,6,0,6,4,2,0,5,3,2,0,6,2,4,0
1974,Tulsa,Missouri Valley,,11,8,3,0,6,6,0,0,5,5,0,0,6,3,3,0
1974,UCLA,Pac-8,,11,7,4,0,7,4,3,0,5,4,1,0,6,3,3,0
1974,USC,Pac-8,,12,10,2,0,7,6,1,0,4,4,0,0,7,5,2,0
1974,Utah,Western Athletic,,11,1,10,0,6,1,5,0,5,1,4,0,6,0,6,0
1974,Utah State,FBS Independents,,11,8,3,0,2,1,1,0,5,4,1,0,6,4,2,0
1974,UTEP,Western Athletic,,11,4,7,0,7,3,4,0,5,2,3,0,6,2,4,0
1974,Vanderbilt,SEC,,12,8,4,0,6,2,4,0,5,5,0,0,6,2,4,0
1974,Villanova,FBS Independents,,11,3,8,0,6,1,5,0,4,2,2,0,7,1,6,0
1974,Virginia,ACC,,11,4,7,0,6,1,5,0,5,3,2,0,6,1,5,0
1974,Virginia Tech,FBS Independents,,11,4,7,0,5,2,3,0,4,1,3,0,7,3,4,0
1974,VMI,Southern,,11,7,4,0,5,4,1,0,5,5,0,0,6,2,4,0
1974,Wake Forest,ACC,,11,1,10,0,6,0,6,0,6,1,5,0,5,0,5,0
1974,Washington,Pac-8,,11,5,6,0,7,3,4,0,6,4,2,0,5,1,4,0
1974,Washington State,Pac-8,,11,2,9,0,7,1,6,0,7,1,6,0,4,1,3,0
1974,Western Michigan,Mid-American,,11,3,8,0,5,0,5,0,5,1,4,0,6,2,4,0
1974,West Texas A&M,Missouri Valley,,11,6,5,0,6,3,3,0,5,3,2,0,6,3,3,0
1974,West Virginia,FBS Independents,,11,4,7,0,8,2,6,0,6,2,4,0,5,2,3,0
1974,Wichita State,Missouri Valley,,11,1,10,0,6,1,5,0,4,1,3,0,7,0,7,0
1974,William & Mary,Southern,,11,4,7,0,5,2,3,0,4,2,2,0,7,2,5,0
1974,Wisconsin,Big Ten,,11,7,4,0,8,5,3,0,5,3,2,0,6,4,2,0
1974,Wyoming,Western Athletic,,11,2,9,0,7,1,6,0,6,2,4,0,5,0,5,0
1974,Yale,Ivy,,9,8,1,0,7,6,1,0,6,6,0,0,3,2,1,0